4
1.0
4.0
------------------------------------
5
2.0
5.0
------------------------------------
6
3.0
6.0
------------------------------------
7
4.0
7.0
------------------------------------
8
2.0
8.0
------------------------------------
9
3.0
9.0
------------------------------------
10
4.0
10.0
------------------------------------
11
5.0
11.0
------------------------------------
12
6.0
12.0
------------------------------------
13
7.0
13.0
------------------------------------
14
8.0
14.0
------------------------------------
15
9.0
15.0
------------------------------------
16
4.0
16.0
------------------------------------
17
5.0
17.0
------------------------------------
18
6.0
18.0
------------------------------------
19
7.0
19.0
------------------------------------
20
8.0
20.0
------------------------------------
21
9.0
21.0
------------------------------------
22
10.0
22.0
------------------------------------
23
11.0
23.0
------------------------------------
24
12.0
24.0
------------------------------------
25
13.0
25.0
------------------------------------
26
14.0
26.0
------------------------------------
27
15.0
27.0
------------------------------------
28
16.0
28.0
------------------------------------
29
17.0
29.0
------------------------------------
30
18.0
30.0
------------------------------------
31
19.0
31.0
------------------------------------
32
8.0
32.0
------------------------------------
33
9.0
33.0
------------------------------------
34
10.0
34.0
------------------------------------
35
11.0
35.0
------------------------------------
36
12.0
36.0
------------------------------------
37
13.0
37.0
------------------------------------
38
14.0
38.0
------------------------------------
39
15.0
39.0
------------------------------------
40
16.0
40.0
------------------------------------
41
17.0
41.0
------------------------------------
42
18.0
42.0
------------------------------------
43
19.0
43.0
------------------------------------
44
20.0
44.0
------------------------------------
45
21.0
45.0
------------------------------------
46
22.0
46.0
------------------------------------
47
23.0
47.0
------------------------------------
48
24.0
48.0
------------------------------------
49
25.0
49.0
------------------------------------
50
26.0
50.0
------------------------------------
51
27.0
51.0
------------------------------------
52
28.0
52.0
------------------------------------
53
29.0
53.0
------------------------------------
54
30.0
54.0
------------------------------------
55
31.0
55.0
------------------------------------
56
32.0
56.0
------------------------------------
57
33.0
57.0
------------------------------------
58
34.0
58.0
------------------------------------
59
35.0
59.0
------------------------------------
60
36.0
60.0
------------------------------------
61
37.0
61.0
------------------------------------
62
38.0
62.0
------------------------------------
63
39.0
63.0
------------------------------------
64
16.0
64.0
------------------------------------
65
17.0
65.0
------------------------------------
66
18.0
66.0
------------------------------------
67
19.0
67.0
------------------------------------
68
20.0
68.0
------------------------------------
69
21.0
69.0
------------------------------------
70
22.0
70.0
------------------------------------
71
23.0
71.0
------------------------------------
72
24.0
72.0
------------------------------------
73
25.0
73.0
------------------------------------
74
26.0
74.0
------------------------------------
75
27.0
75.0
------------------------------------
76
28.0
76.0
------------------------------------
77
29.0
77.0
------------------------------------
78
30.0
78.0
------------------------------------
79
31.0
79.0
------------------------------------
80
32.0
80.0
------------------------------------
81
33.0
81.0
------------------------------------
82
34.0
82.0
------------------------------------
83
35.0
83.0
------------------------------------
84
36.0
84.0
------------------------------------
85
37.0
85.0
------------------------------------
86
38.0
86.0
------------------------------------
87
39.0
87.0
------------------------------------
88
40.0
88.0
------------------------------------
89
41.0
89.0
------------------------------------
90
42.0
90.0
------------------------------------
91
43.0
91.0
------------------------------------
92
44.0
92.0
------------------------------------
93
45.0
93.0
------------------------------------
94
46.0
94.0
------------------------------------
95
47.0
95.0
------------------------------------
96
48.0
96.0
------------------------------------
97
49.0
97.0
------------------------------------
98
50.0
98.0
------------------------------------
99
51.0
99.0
------------------------------------
100
52.0
100.0
------------------------------------
101
53.0
101.0
------------------------------------
102
54.0
102.0
------------------------------------
103
55.0
103.0
------------------------------------
104
56.0
104.0
------------------------------------
105
57.0
105.0
------------------------------------
106
58.0
106.0
------------------------------------
107
59.0
107.0
------------------------------------
108
60.0
108.0
------------------------------------
109
61.0
109.0
------------------------------------
110
62.0
110.0
------------------------------------
111
63.0
111.0
------------------------------------
112
64.0
112.0
------------------------------------
113
65.0
113.0
------------------------------------
114
66.0
114.0
------------------------------------
115
67.0
115.0
------------------------------------
116
68.0
116.0
------------------------------------
117
69.0
117.0
------------------------------------
118
70.0
118.0
------------------------------------
119
71.0
119.0
------------------------------------
120
72.0
120.0
------------------------------------
121
73.0
121.0
------------------------------------
122
74.0
122.0
------------------------------------
123
75.0
123.0
------------------------------------
124
76.0
124.0
------------------------------------
125
77.0
125.0
------------------------------------
126
78.0
126.0
------------------------------------
127
79.0
127.0
------------------------------------
128
32.0
128.0
------------------------------------
129
33.0
129.0
------------------------------------
130
34.0
130.0
------------------------------------
131
35.0
131.0
------------------------------------
132
36.0
132.0
------------------------------------
133
37.0
133.0
------------------------------------
134
38.0
134.0
------------------------------------
135
39.0
135.0
------------------------------------
136
40.0
136.0
------------------------------------
137
41.0
137.0
------------------------------------
138
42.0
138.0
------------------------------------
139
43.0
139.0
------------------------------------
140
44.0
140.0
------------------------------------
141
45.0
141.0
------------------------------------
142
46.0
142.0
------------------------------------
143
47.0
143.0
------------------------------------
144
48.0
144.0
------------------------------------
145
49.0
145.0
------------------------------------
146
50.0
146.0
------------------------------------
147
51.0
147.0
------------------------------------
148
52.0
148.0
------------------------------------
149
53.0
149.0
------------------------------------
150
54.0
150.0
------------------------------------
151
55.0
151.0
------------------------------------
152
56.0
152.0
------------------------------------
153
57.0
153.0
------------------------------------
154
58.0
154.0
------------------------------------
155
59.0
155.0
------------------------------------
156
60.0
156.0
------------------------------------
157
61.0
157.0
------------------------------------
158
62.0
158.0
------------------------------------
159
63.0
159.0
------------------------------------
160
64.0
160.0
------------------------------------
161
65.0
161.0
------------------------------------
162
66.0
162.0
------------------------------------
163
67.0
163.0
------------------------------------
164
68.0
164.0
------------------------------------
165
69.0
165.0
------------------------------------
166
70.0
166.0
------------------------------------
167
71.0
167.0
------------------------------------
168
72.0
168.0
------------------------------------
169
73.0
169.0
------------------------------------
170
74.0
170.0
------------------------------------
171
75.0
171.0
------------------------------------
172
76.0
172.0
------------------------------------
173
77.0
173.0
------------------------------------
174
78.0
174.0
------------------------------------
175
79.0
175.0
------------------------------------
176
80.0
176.0
------------------------------------
177
81.0
177.0
------------------------------------
178
82.0
178.0
------------------------------------
179
83.0
179.0
------------------------------------
180
84.0
180.0
------------------------------------
181
85.0
181.0
------------------------------------
182
86.0
182.0
------------------------------------
183
87.0
183.0
------------------------------------
184
88.0
184.0
------------------------------------
185
89.0
185.0
------------------------------------
186
90.0
186.0
------------------------------------
187
91.0
187.0
------------------------------------
188
92.0
188.0
------------------------------------
189
93.0
189.0
------------------------------------
190
94.0
190.0
------------------------------------
191
95.0
191.0
------------------------------------
192
96.0
192.0
------------------------------------
193
97.0
193.0
------------------------------------
194
98.0
194.0
------------------------------------
195
99.0
195.0
------------------------------------
196
100.0
196.0
------------------------------------
197
101.0
197.0
------------------------------------
198
102.0
198.0
------------------------------------
199
103.0
199.0
------------------------------------
200
104.0
200.0
------------------------------------
201
105.0
201.0
------------------------------------
202
106.0
202.0
------------------------------------
203
107.0
203.0
------------------------------------
204
108.0
204.0
------------------------------------
205
109.0
205.0
------------------------------------
206
110.0
206.0
------------------------------------
207
111.0
207.0
------------------------------------
208
112.0
208.0
------------------------------------
209
113.0
209.0
------------------------------------
210
114.0
210.0
------------------------------------
211
115.0
211.0
------------------------------------
212
116.0
212.0
------------------------------------
213
117.0
213.0
------------------------------------
214
118.0
214.0
------------------------------------
215
119.0
215.0
------------------------------------
216
120.0
216.0
------------------------------------
217
121.0
217.0
------------------------------------
218
122.0
218.0
------------------------------------
219
123.0
219.0
------------------------------------
220
124.0
220.0
------------------------------------
221
125.0
221.0
------------------------------------
222
126.0
222.0
------------------------------------
223
127.0
223.0
------------------------------------
224
128.0
224.0
------------------------------------
225
129.0
225.0
------------------------------------
226
130.0
226.0
------------------------------------
227
131.0
227.0
------------------------------------
228
132.0
228.0
------------------------------------
229
133.0
229.0
------------------------------------
230
134.0
230.0
------------------------------------
231
135.0
231.0
------------------------------------
232
136.0
232.0
------------------------------------
233
137.0
233.0
------------------------------------
234
138.0
234.0
------------------------------------
235
139.0
235.0
------------------------------------
236
140.0
236.0
------------------------------------
237
141.0
237.0
------------------------------------
238
142.0
238.0
------------------------------------
239
143.0
239.0
------------------------------------
240
144.0
240.0
------------------------------------
241
145.0
241.0
------------------------------------
242
146.0
242.0
------------------------------------
243
147.0
243.0
------------------------------------
244
148.0
244.0
------------------------------------
245
149.0
245.0
------------------------------------
246
150.0
246.0
------------------------------------
247
151.0
247.0
------------------------------------
248
152.0
248.0
------------------------------------
249
153.0
249.0
------------------------------------
250
154.0
250.0
------------------------------------
251
155.0
251.0
------------------------------------
252
156.0
252.0
------------------------------------
253
157.0
253.0
------------------------------------
254
158.0
254.0
------------------------------------
